 300
 300
 416
 461
 503
 551
 600
 600
 600
 716
 761
 919
 1012
 1103
 1151
 1200
 1316
 1361
 1635
 1773
 2022
 2163
 2303
 2467
 2561
 2951
 3134
 3657
 3936
 4325
 4630
 4864
 5418
 5695
 6608
 7070
 7982
 8566
 9189
 10048
 10559
 12026
 12765
 14590
 15636
 17171
 18614
 19748
 22074
 23324
 26616
 28401
 31761
 34250
 36919
 40688
 43072
 48690
 51725
 58377
 62651
 68680
 74938
 79991
 89378
 94797
 107067
 114376
 127057
 137589
 148671
 164316
 174788
 196445
 209173
 234124
 251965
 275728
 301905
 323459
 360761
 383961
 430569
 461138
 509852
 553870
 599187
 662666
 707420
 791330
 845099
 940421
 1015008
 1109039
 1216536
 1306607
 1453996
 1552519
 1731751
 1860107
 2049460
 2231544
 2415646
 2670532
 2859126
 3185747
 3412626
 3781211
 4091651
 4465106
 4902076
 5274772
 5856279
 6271752
 6966958
 7504277
 8246317
 8993727
 9739878
 10758355
 11546524
 12823237
 13776029
 15213275
 16498004
 17986195
 19752082
 21286402
 23581592
 25322553
 28036512
 30274033
 33199470
 36250086
 39272597
 43333674
 46608955
 51618104
 55596586
 61235982
 66524119
 72472067
 79583760
 85881552
 94951778
 102205541
 112854086
 122120705
 133708049
 146107879
 158353619
 174535538
 188087093
 207805864
 224326246
 246562135
 268228584
 292061668
 320643417
 346440712
 382341402
 412413339
 454367999
 492554830
 538623803
 588872001
 638502380
 702984819
 758854051
 836709401
 904968169
 992991802
 1081426831
 1177126183
 1291856820
 1397356431
 1539694220
 1663822220
 1829701203
 1986395000
 2170117985
 2373283651
 2574482614
 2831551040
 3061178651
 3369395423
 3650217220
 3999819188
 4359678651
 4744600599
 5204834691
 5635661265
 6200946463
 6711395871
 7369214611
 8009895871
 8744419787
 9564513342
 10380261864
 11405781154
 12347057136
 13570161074
 14721291742
 16113634398
 17574409213
 19124681651
 20970294496
 22727319000
 24975942228
 27068348878
 29683795472
 32295700955
 35238316049
 38544703709
 41852000651
 45946236724
 49795667878
 54659737700
 59364049833
 64922111521
 70840404664
 77090316700
 84490940433
 91647668529
 100605974424
 109159717711
 119581849221
 130204454497
 142012428221
 155331345097
 168737985229
 185096914857
 200807386240
 220187823645
 239364172208
 261594277442
 285535799594
 310750413450
 340428259954
 369545371469
 405284738502
 440171558448
 481782101087
 524899971802
 572344690892
 625964059548
 680295784919
 745712998456
 809716929917
 887066839589
 965071530250
 1054126791979
 1150864031350
 1252640475811
 1371677058004
 1490012714836
 1632779838045
